           4           1           1           8           8         310           1  -1.0035099999999999              651
         656           2           2           8           8         120           1 -0.85151900000000003              393
        1050           3           3           8           8         100           1 -0.67755699999999996              729
        1780           4           4           8           8         501           1 -0.32161800000000001              306
        2087           5           5           8           8         301           1 -0.29389399999999999              863
        2951           6           6           8           8         510           1 -0.20819599999999999              179
        3131           7           7           8           8         310           2 -0.18996900000000000              728
        3860           8           8           8           8         501           2 -0.12929800000000000              412
        4273           9           9           8           8         301           2 -0.12235799999999999              946
        5220          10          10           8           8         521           1 -0.11224700000000000              299
        5520          11          11           8           8         321           1 -0.11148100000000000              898
        6419          12          12           8           8         510           2  -9.7024399999999997E-002         245
        6665          13          13           8           8         310           3  -9.1512700000000002E-002         827
        7493          14          14           8           8         321           2  -7.0085999999999996E-002         949
        8443          15          15           8           8         501           3  -6.9756499999999999E-002         390
        8834          16          16           8           8         301           3  -6.7003300000000002E-002         957
        9792          17          17           8           8         521           2  -6.3144199999999998E-002         295
       10088          18          18           8           8         321           3  -6.2625100000000003E-002         812
       10901          19          19           8           8         530           1  -6.2508999999999995E-002         261
       11163          20          20           8           8         330           1  -6.2506599999999995E-002         459
       11623          21          21           8           8         510           3  -5.6236000000000001E-002         296
       11920          22          22           8           8         121           1  -5.6153500000000002E-002         658
       12579          23          23           8           8         310           4  -5.3910100000000002E-002         879
       13459          24          24           8           8         501           4  -4.3611700000000003E-002         329
       13789          25          25           8           8         301           4  -4.2247199999999999E-002         963
       14753          26          26           8           8         521           3  -4.0369299999999997E-002         300
       15054          27          27           8           8         321           4  -4.0101100000000001E-002         914
       15969          28          28           8           8         530           2  -4.0006899999999998E-002         261
       16231          29          29           8           8         330           2  -4.0004900000000003E-002         493
       16725          30          30           8           8         510           4  -3.6700400000000001E-002         323
       17049          31          31           8           8         310           5  -3.5516800000000001E-002         899
       17949          32          32           8           8         501           5  -2.9832700000000000E-002         297
       18247          33          33           8           8         301           5  -2.9059000000000001E-002         956
       19204          34          34           8           8         521           4  -2.8003900000000002E-002         300
       19505          35          35           8           8         321           5  -2.7841600000000001E-002         939
       20445          36          36           8           8         530           3  -2.7782500000000002E-002         262
       20708          37          37           8           8         330           3  -2.7781100000000000E-002         506
       21215          38          38           8           8         510           5  -2.5834200000000002E-002         330
       21546          39          39           8           8         310           6  -2.5154099999999999E-002         911
       22458          40          40           8           8         501           6  -2.1687700000000001E-002         275
       22734          41          41           8           8         301           6  -2.1207199999999999E-002         952
       23687          42          42           8           8         521           5  -2.0555199999999999E-002         303
       23991          43          43           8           8         321           6  -2.0450099999999999E-002         951
       24943          44          44           8           8         530           4  -2.0411400000000000E-002         262
       25206          45          45           8           8         330           4  -2.0410399999999999E-002         508
       25715          46          46           8           8         510           6  -1.9169499999999999E-002         318
       26034          47          47           8           8         310           7  -1.8743800000000001E-002         929
       26964          48          48           8           8         501           7  -1.6475400000000001E-002         258
       27223          49          49           8           8         301           7  -1.6156700000000000E-002         949
       28173          50          50           8           8         521           6  -1.5725500000000000E-002         305
       28479          51          51           8           8         321           7  -1.5653899999999998E-002         948
       29428          52          52           8           8         530           5  -1.5627300000000000E-002         267
       29696          53          53           8           8         330           5  -1.5626600000000001E-002         513
       30210          54          54           8           8         510           7  -1.4788000000000001E-002         306
       30517          55          55           8           8         310           8  -1.4504200000000000E-002         936
       31454          56          56           8           8         501           8  -1.2939400000000000E-002         251
       31706          57          57           8           8         301           8  -1.2717300000000001E-002         953
       32660          58          58           8           8         521           7  -1.2417200000000000E-002         308
       32969          59          59           8           8         321           8  -1.2366300000000000E-002         951
       33921          60          60           8           8         530           6  -1.2347300000000000E-002         275
       34197          61          61           8           8         330           6  -1.2346800000000000E-002         521
       34719          62          62           8           8         510           8  -1.1754000000000001E-002         296
       35016          63          63           8           8         310           9  -1.1555400000000000E-002         934
       35951          64          64           8           8         501           9  -1.0430800000000000E-002         244
       36196          65          65           8           8         301           9  -1.0269900000000000E-002         940
       37137          66          66           8           8         521           8  -1.0052699999999999E-002           0
       37138          67          67           8           8         321           9  -1.0015200000000000E-002           0
       37139          68          68           8           8         530           7  -1.0001299999999999E-002           0
       37140          69          69           8           8         330           7  -1.0000900000000000E-002           0
       37141          70          70           8           8         110           1   3.4613100000000001E-002           0
       37142          71          71           8           8         320           1   3.6001400000000003E-002           0
       37143          72          72           8           8         130           1   4.1544900000000003E-002           0
       37144          73          73           8           8         311           1   4.7753100000000000E-002           0
       37145          74          74           8           8         120           2   6.5629800000000002E-002           0
       37146          75          75           8           8         111           1   6.5980700000000003E-002           0
       37147          76          76           8           8         121           2  0.12021600000000000                0
       37148          77          77           8           8         311           2  0.12595200000000001                0
       37149          78          78           8           8         101           1  0.13213100000000000                0
       37150          79          79           8           8         331           1  0.13214799999999999                0
       37151          80          80           8           8         141           1  0.13238400000000000                0
       37152          81          81           8           8         111           2  0.13247000000000000                0
       37153          82          82           8           8         121           3  0.13307099999999999                0
       37154          83          83           8           8         131           1  0.13320699999999999                0
       37155          84          84           8           8         110           2  0.14449699999999999                0
       37156          85          85           8           8         320           2  0.14669499999999999                0
       37157          86          86           8           8         130           2  0.14913599999999999                0
       37158          87          87           8           8         311           3  0.15433400000000000                0
       37159          88          88           8           8         120           3  0.15656300000000001                0
       37160          89          89           8           8         300           1  0.15973699999999999                0
       37161          90          90           8           8         320           3  0.16321400000000000                0
       37162          91          91           8           8         110           3  0.16540800000000000                0
       37163          92          92           8           8         120           4  0.17491799999999999                0
       37164          93          93           8           8         121           4  0.17664299999999999                0
       37165          94          94           8           8         101           2  0.18124000000000001                0
       37166          95          95           8           8         111           3  0.18124399999999999                0
       37167          96          96           8           8         331           2  0.18124399999999999                0
       37168          97          97           8           8         141           2  0.18138799999999999                0
       37169          98          98           8           8         121           5  0.18177399999999999                0
       37170          99          99           8           8         131           2  0.18185599999999999                0
       37171         100         100           8           8         340           1  0.18188299999999999                0
       37172         101         101           8           8         150           1  0.18188399999999999                0
       37173         102         102           8           8         140           1  0.18188499999999999                0
       37174         103         103           8           8         130           3  0.18188599999999999                0
       37175         104         104           8           8         110           4  0.18189800000000000                0
       37176         105         105           8           8         320           4  0.18190200000000001                0
       37177         106         106           8           8         120           5  0.18192500000000000                0
       37178         107         107           8           8         311           4  0.18411700000000000                0
       37179         108         108           8           8         320           5  0.18832599999999999                0
       37180         109         109           8           8         110           5  0.18888700000000000                0
       37181         110         110           8           8         130           4  0.18894800000000000                0
       37182         111         111           8           8         120           6  0.19306899999999999                0
       37183         112         112           8           8         100           2  0.19641400000000001                0
       37184         113         113           8           8         121           6  0.20176700000000000                0
       37185         114         114           8           8         111           4  0.20397899999999999                0
       37186         115         115           8           8         331           3  0.20401700000000000                0
       37187         116         116           8           8         101           3  0.20401800000000000                0
       37188         117         117           8           8         141           3  0.20410400000000001                0
       37189         118         118           8           8         121           7  0.20432200000000000                0
       37190         119         119           8           8         131           3  0.20437100000000000                0
       37191         120         120           8           8         340           2  0.20438500000000001                0
       37192         121         121           8           8         150           2  0.20438600000000001                0
       37193         122         122           8           8         140           2  0.20438700000000001                0
       37194         123         123           8           8         130           5  0.20438700000000001                0
       37195         124         124           8           8         110           6  0.20438999999999999                0
       37196         125         125           8           8         320           6  0.20439099999999999                0
       37197         126         126           8           8         120           7  0.20439199999999999                0
       37198         127         127           8           8         311           5  0.20505699999999999                0
       37199         128         128           8           8         320           7  0.20773500000000000                0
       37200         129         129           8           8         110           7  0.20785799999999999                0
       37201         130         130           8           8         130           6  0.20811199999999999                0
       37202         131         131           8           8         120           8  0.21021999999999999                0
       37203         132         132           8           8         121           8  0.21511600000000000                0
       37204         133         133           8           8         111           5  0.21634300000000001                0
       37205         134         134           8           8         331           4  0.21638299999999999                0
       37206         135         135           8           8         101           4  0.21638600000000000                0
       37207         136         136           8           8         141           4  0.21643799999999999                0
       37208         137         137           8           8         121           9  0.21657000000000001                0
       37209         138         138           8           8         131           4  0.21660099999999999                0
       37210         139         139           8           8         340           3  0.21660900000000000                0
       37211         140         140           8           8         150           3  0.21661000000000000                0
       37212         141         141           8           8         140           3  0.21661100000000000                0
       37213         142         142           8           8         130           7  0.21661100000000000                0
       37214         143         143           8           8         120           9  0.21661200000000000                0
       37215         144         144           8           8         110           8  0.21661200000000000                0
       37216         145         145           8           8         320           8  0.21661200000000000                0
       37217         146         146           8           8         311           6  0.21688600000000000                0
       37218         147         147           8           8         320           9  0.21857499999999999                0
       37219         148         148           8           8         110           9  0.21861600000000000                0
       37220         149         149           8           8         130           8  0.21880700000000000                0
       37221         150         150           8           8         120          10  0.22005000000000000                0
       37222         151         151           8           8         121          10  0.22304800000000000                0
       37223         152         152           8           8         111           6  0.22379800000000000                0
       37224         153         153           8           8         331           5  0.22383200000000000                0
       37225         154         154           8           8         101           5  0.22383500000000001                0
       37226         155         155           8           8         141           5  0.22386900000000001                0
       37227         156         156           8           8         121          11  0.22395399999999999                0
       37228         157         157           8           8         131           5  0.22397500000000001                0
       37229         158         158           8           8         340           4  0.22398000000000001                0
       37230         159         159           8           8         150           4  0.22398100000000001                0
       37231         160         160           8           8         110          10  0.22398199999999999                0
       37232         161         161           8           8         120          11  0.22398199999999999                0
       37233         162         162           8           8         140           4  0.22398199999999999                0
       37234         163         163           8           8         130           9  0.22398199999999999                0
       37235         164         164           8           8         320          10  0.22398199999999999                0
       37236         165         165           8           8         311           7  0.22410500000000000                0
       37237         166         166           8           8         320          11  0.22523099999999999                0
       37238         167         167           8           8         110          11  0.22524700000000000                0
       37239         168         168           8           8         130          10  0.22538200000000000                0
       37240         169         169           8           8         120          12  0.22617799999999999                0
       37241         170         170           8           8         121          12  0.22814400000000001                0
       37242         171         171           8           8         111           7  0.22863300000000000                0
       37243         172         172           8           8         331           6  0.22866300000000001                0
       37244         173         173           8           8         101           6  0.22866500000000001                0
       37245         174         174           8           8         141           6  0.22868900000000000                0
       37246         175         175           8           8         121          13  0.22874600000000000                0
       37247         176         176           8           8         131           6  0.22876099999999999                0
       37248         177         177           8           8         110          12  0.22876500000000000                0
       37249         178         178           8           8         150           5  0.22876500000000000                0
       37250         179         179           8           8         120          13  0.22876500000000000                0
       37251         180         180           8           8         140           5  0.22876500000000000                0
       37252         181         181           8           8         340           5  0.22876500000000000                0
       37253         182         182           8           8         130          11  0.22876500000000000                0
       37254         183         183           8           8         320          12  0.22876500000000000                0
       37255         184         184           8           8         311           8  0.22881699999999999                0
       37256         185         185           8           8         320          13  0.22960900000000001                0
       37257         186         186           8           8         110          13  0.22961500000000001                0
       37258         187         187           8           8         130          12  0.22971200000000000                0
       37259         188         188           8           8         120          14  0.23025200000000001                0
       37260         189         189           8           8         121          14  0.23161100000000001                0
       37261         190         190           8           8         111           8  0.23194600000000001                0
       37262         191         191           8           8         331           7  0.23197200000000001                0
       37263         192         192           8           8         101           7  0.23197400000000001                0
       37264         193         193           8           8         141           7  0.23199100000000000                0
       37265         194         194           8           8         121          15  0.23203099999999999                0
       37266         195         195           8           8         131           7  0.23204200000000000                0
       37267         196         196           8           8         110          14  0.23204500000000000                0
       37268         197         197           8           8         150           6  0.23204500000000000                0
       37269         198         198           8           8         120          15  0.23204500000000000                0
       37270         199         199           8           8         140           6  0.23204500000000000                0
       37271         200         200           8           8         340           6  0.23204500000000000                0
       37272         201         201           8           8         130          13  0.23204500000000000                0
       37273         202         202           8           8         320          14  0.23204500000000000                0
       37274         203         203           8           8         311           9  0.23205899999999999                0
       37275         204         204           8           8         320          15  0.23264099999999999                0
       37276         205         205           8           8         110          15  0.23264299999999999                0
       37277         206         206           8           8         130          14  0.23271500000000001                0
       37278         207         207           8           8         120          16  0.23309800000000000                0
       37279         208         208           8           8         121          16  0.23407500000000001                0
       37280         209         209           8           8         111           9  0.23431500000000000                0
       37281         210         210           8           8         331           8  0.23433699999999999                0
       37282         211         211           8           8         101           8  0.23433899999999999                0
       37283         212         212           8           8         141           8  0.23435100000000000                0
       37284         213         213           8           8         311          10  0.23438300000000001                0
       37285         214         214           8           8         120          17  0.23439099999999999                0
       37286         215         215           8           8         320          16  0.23439099999999999                0
       37287         216         216           8           8         110          16  0.23439099999999999                0
       37288         217         217           8           8         300           2  0.27149499999999999                0
       37289         218         218           8           8         100           3  0.28405700000000000                0
       37290         219         219           8           8         300           3  0.31242999999999999                0
       37291         220         220           8           8         100           4  0.31817099999999998                0
       37292         221         221           8           8         300           4  0.33202100000000001                0
       37293         222         222           8           8         100           5  0.33511000000000002                0
       37294         223         223           8           8         300           5  0.34291199999999999                0
       37295         224         224           8           8         100           6  0.34476099999999998                0
       37296         225         225           8           8         300           6  0.34959000000000001                0
       37297         226         226           8           8         100           7  0.35078300000000001                0
       37298         227         227           8           8         300           7  0.35397800000000001                0
       37299         228         228           8           8         100           8  0.35479300000000003                0
       37300         229         229           8           8         300           8  0.35701699999999997                0
       37301         230         230           8           8         100           9  0.35759700000000000                0
       37302         231         231           8           8         511           1  0.87927900000000003                0
       37303         232         232           8           8         520           1  0.97972599999999999                0
       37304         233         233           8           8         511           2  0.99440700000000004                0
       37305         234         234           8           8         520           2   1.0292699999999999                0
       37306         235         235           8           8         531           1   1.0302800000000001                0
       37307         236         236           8           8         511           3   1.0360000000000000                0
       37308         237         237           8           8         520           3   1.0522300000000000                0
       37309         238         238           8           8         531           2   1.0527899999999999                0
       37310         239         239           8           8         511           4   1.0558200000000000                0
       37311         240         240           8           8         520           4   1.0646899999999999                0
       37312         241         241           8           8         531           3   1.0650200000000001                0
       37313         242         242           8           8         511           5   1.0668100000000000                0
       37314         243         243           8           8         520           5   1.0721799999999999                0
       37315         244         244           8           8         531           4   1.0724000000000000                0
       37316         245         245           8           8         511           6   1.0735399999999999                0
       37317         246         246           8           8         520           6   1.0770400000000000                0
       37318         247         247           8           8         531           5   1.0771800000000000                0
       37319         248         248           8           8         511           7   1.0779500000000000                0
       37320         249         249           8           8         520           7   1.0803600000000000                0
       37321         250         250           8           8         531           6   1.0804600000000000                0
       37322         251         251           8           8         511           8   1.0810100000000000                0
       37323         252         252           8           8         520           8   1.0827400000000000                0
       37324         253         253           8           8         531           7   1.0828100000000001                0
