   5.000E+03   1.000E+04   2.000E+04   5.000E+04   1.000E+05
    1    2   4.520E-02   1.060E-01   1.190E-01   1.350E-01   1.480E-01
    1    3   1.530E-02   3.210E-02   3.630E-02   4.170E-02   4.570E-02
    1    4   6.470E-02   1.530E-01   2.990E-01   5.470E-01   6.910E-01
    1    5   8.500E-03   3.180E-02   5.370E-02   9.520E-02   4.000E+00
    1    6   8.530E-03   2.310E-02   4.920E-02   9.020E-02   1.320E-01
    1    7   1.260E-01   1.920E-01   2.870E-01   4.850E-01   9.730E-02
    1    8   1.870E-02   4.050E-02   7.010E-02   1.090E-01   6.890E-01
    1    9   4.990E-02   9.930E-02   1.770E-01   3.240E-01   1.180E-01
    1   10   4.560E-03   1.030E-02   1.840E-02   3.030E-02   4.210E-01
    1   11   3.580E-02   5.620E-02   7.760E-02   1.100E-01   3.490E-02
    1   12   4.830E-04   1.050E-03   2.230E-03   4.800E-03   1.400E-01
    1   13   7.740E-03   1.610E-02   3.380E-02   8.810E-02   6.560E-03
    2    3   9.120E-03   2.830E-02   3.120E-02   3.520E-02   3.810E-02
    2    4   3.880E-02   9.150E-02   1.790E-01   3.280E-01   4.150E-01
    2    5   1.060E-02   1.910E-02   3.270E-02   5.710E-02   7.930E-02
    2    6   5.120E-03   1.390E-02   2.950E-02   5.410E-02   5.840E-02
    2    7   7.550E-02   1.150E-01   1.720E-01   2.910E-01   4.140E-01
    2    8   1.120E-02   2.430E-02   4.200E-02   6.540E-02   7.100E-02
    2    9   2.990E-02   5.960E-02   1.060E-01   1.940E-01   2.530E-01
    2   10   2.730E-03   6.170E-03   1.100E-02   1.820E-02   2.090E-02
    2   11   2.150E-02   3.370E-02   4.650E-02   6.600E-02   8.380E-02
    2   12   2.900E-04   6.280E-04   1.340E-03   2.880E-03   3.930E-03
    2   13   1.250E-05   9.670E-03   2.030E-02   5.280E-02   1.090E-01
    3    4   1.290E-02   3.050E-03   5.980E-02   1.090E-01   1.380E-01
    3    5   3.540E-03   6.360E-02   1.070E-02   1.900E-02   2.640E-02
    3    6   1.710E-03   4.620E-03   9.840E-03   1.800E-02   1.950E-02
    3    7   2.520E-02   3.830E-02   5.750E-02   9.700E-02   1.380E-01
    3    8   3.750E-03   8.090E-02   1.400E-02   2.180E-02   2.370E-02
    3    9   9.970E-03   1.990E-02   3.550E-02   6.480E-02   8.420E-02
    3   10   9.110E-04   7.060E-03   3.680E-03   6.060E-03   6.970E-03
    3   11   7.150E-03   1.120E-02   1.550E-02   2.200E-02   2.790E-02
    3   12   9.660E-05   2.090E-04   4.460E-04   9.610E-04   1.310E-03
    3   13   1.550E-03   3.230E-03   6.760E-03   1.760E-02   3.530E-02
    4    5   7.320E-02   1.050E-01   1.480E-01   2.380E-01   3.340E-01
    4    6   0.000E+00   0.000E+00   0.000E+00   0.000E+00   0.000E+00
    4    7   1.020E-06   1.640E-06   2.100E-06   3.910E-06   7.010E-06
    4    8   0.000E+00   0.000E+00   0.000E+00   0.000E+00   0.000E+00
    4    9   2.090E-02   3.370E-02   5.430E-02   1.020E-01   1.650E-01
    4   10   0.000E+00   0.000E+00   0.000E+00   0.000E+00   0.000E+00
    4   11   0.000E+00   0.000E+00   0.000E+00   0.000E+00   0.000E+00
    4   12   0.000E+00   0.000E+00   0.000E+00   0.000E+00   0.000E+00
    4   13   1.470E-03   2.360E-03   3.820E-03   7.190E-03   1.160E-02
    5    6   0.000E+00   0.000E+00   0.000E+00   0.000E+00   0.000E+00
    5    7   0.000E+00   0.000E+00   0.000E+00   0.000E+00   0.000E+00
    5    8   0.000E+00   0.000E+00   0.000E+00   0.000E+00   0.000E+00
    5    9   2.510E-03   4.040E-03   6.520E-03   1.230E-02   1.980E-02
    5   10   0.000E+00   0.000E+00   0.000E+00   0.000E+00   0.000E+00
    5   11   0.000E+00   0.000E+00   0.000E+00   0.000E+00   0.000E+00
    5   12   0.000E+00   0.000E+00   0.000E+00   0.000E+00   0.000E+00
    5   13   0.000E+00   0.000E+00   0.000E+00   0.000E+00   0.000E+00
    6    7   2.510E-03   4.040E-03   6.520E-03   1.230E-02   5.940E-01
    6    8   2.510E+01   4.020E+01   6.480E+01   1.260E+02   2.130E+02
    6    9   2.900E-01   4.680E-01   7.540E-01   1.420E+00   2.290E+00
    6   10   1.900E+00   3.060E+00   4.940E+00   9.300E+00   1.500E+01
    6   11   6.680E-02   1.080E-01   1.740E-01   3.270E-01   5.280E-01
    6   12   2.910E+00   4.700E+00   7.580E+00   1.430E+01   2.300E+01
    6   13   1.990E-01   3.210E-01   5.170E-01   9.730E-01   1.570E+00
    7    8   2.890E-01   4.660E-01   7.510E-01   1.410E+00   2.280E+00
    7    9   1.900E+01   3.040E+01   5.130E+01   1.000E+02   1.590E+02
    7   10   6.040E-02   9.740E-02   1.570E-01   2.960E-01   4.770E-01
    7   11   2.920E-01   4.720E-01   7.610E-01   1.430E+00   2.230E+00
    7   12   1.950E-01   3.140E-01   5.070E-01   9.550E-01   1.540E+00
    7   13   3.010E+00   4.860E+00   7.840E+00   1.480E+01   2.240E+01
    8    9   8.240E+00   1.330E+01   2.140E+01   4.040E+01   6.510E+01
    8   10   2.410E+01   3.860E+01   6.290E+01   1.240E+02   1.980E+02
    8   11   1.560E+00   2.510E+00   4.050E+00   7.620E+00   1.230E+01
    8   12   9.800E+01   1.570E+02   2.560E+02   5.060E+02   8.060E+02
    8   13   8.150E+00   1.310E+01   2.120E+01   3.990E+01   6.440E+01
    9   10   1.080E-01   1.740E-01   2.810E-01   5.290E-01   8.540E-01
    9   11   6.240E+01   1.000E+02   1.650E+02   3.460E+02   4.790E+02
    9   12   8.630E-01   1.390E+00   2.250E+00   4.230E+00   6.820E+00
    9   13   8.430E+01   1.350E+02   2.240E+02   4.390E+02   7.030E+02
   10   11   3.760E-02   6.060E-02   9.780E-02   1.840E-01   2.970E-01
   10   12   2.020E+01   3.270E+01   5.270E+01   9.920E+01   1.600E+02
   10   13   1.900E-01   3.060E-01   4.940E-01   9.300E-01   1.500E+00
   11   12   2.230E-01   3.590E-01   5.800E-01   1.090E+00   1.760E+00
   11   13   1.030E+01   1.660E+01   2.680E+01   5.040E+01   8.130E+01
   12   13   1.510E+00   2.430E+00   3.920E+00   7.380E+00   1.190E+01
