5.07002e-2  4.23601e+18
5.15654e-2  4.14953e+18
5.18535e-2  4.41260e+18
5.30330e-2  4.59654e+18
5.42393e-2  4.78816e+18
5.54730e-2  4.98776e+18
5.64150e-2  5.30353e+18
5.83544e-2  5.30222e+18
5.96768e-2  5.99532e+18
6.17271e-2  6.11800e+18
6.27765e-2  6.37330e+18
6.38425e-2  6.77679e+18
6.38477e-2  6.24318e+18
6.56635e-2  7.05900e+18
6.56689e-2  6.50317e+18
6.75393e-2  7.05754e+18
6.90785e-2  7.05637e+18
6.95935e-2  7.65906e+18
7.18464e-2  8.14305e+18
7.36173e-2  8.65811e+18
7.55782e-2  8.65643e+18
7.64298e-2  9.20485e+18
7.72910e-2  9.78801e+18
7.95006e-2  9.58738e+18
8.13089e-2  9.98704e+18
8.31584e-2  1.04034e+19
8.50447e-2  1.15246e+19
9.04775e-2  1.20015e+19
9.15140e-2  1.06114e+19
9.30641e-2  1.17555e+19
9.46444e-2  1.24997e+19
9.53500e-2  1.35674e+19
9.78818e-2  1.47241e+19
1.01243e-1  1.53367e+19
1.01829e-1  1.32856e+19
1.03545e-1  1.59760e+19
1.06699e-1  1.66411e+19
1.09541e-1  1.66378e+19
1.10153e-1  1.76926e+19
1.12024e-1  1.88128e+19
1.14572e-1  1.95970e+19
1.14581e-1  1.80539e+19
1.19853e-1  1.95905e+19
1.21201e-1  2.12632e+19
1.23958e-1  2.21496e+19
1.27497e-1  2.26037e+19
1.30397e-1  2.35460e+19
1.33363e-1  2.45275e+19
1.36396e-1  2.55500e+19
1.40290e-1  2.60739e+19
1.42672e-1  2.77246e+19
1.45917e-1  2.88804e+19
1.48395e-1  3.07087e+19
1.52637e-1  3.00793e+19
1.55223e-1  3.33224e+19
1.58767e-1  3.19783e+19
1.60556e-1  3.40042e+19
1.62365e-1  3.61585e+19
1.68895e-1  3.61480e+19
1.73713e-1  3.76534e+19
1.76662e-1  4.00372e+19
1.79662e-1  4.25719e+19
1.84791e-1  4.34448e+19
1.88994e-1  4.52559e+19
1.92219e-1  4.43319e+19
1.94385e-1  4.71405e+19
1.97686e-1  5.01249e+19
2.01063e-1  4.81051e+19
2.02182e-1  5.22145e+19
2.05637e-1  5.01104e+19
2.06781e-1  5.43911e+19
2.10314e-1  5.21993e+19
2.13885e-1  5.55040e+19
2.18750e-1  5.78178e+19
2.23736e-1  5.78083e+19
2.27525e-1  6.40411e+19
2.32720e-1  6.14579e+19
2.36672e-1  6.53487e+19
2.43427e-1  6.66886e+19
2.47561e-1  7.09107e+19
2.57513e-1  7.23586e+19
2.60409e-1  7.85366e+19
2.66332e-1  8.18106e+19
2.73935e-1  8.34880e+19
2.78586e-1  8.87736e+19
2.84947e-1  8.51928e+19
2.91428e-1  8.87442e+19
2.94706e-1  9.63212e+19
3.04824e-1  1.00328e+20
3.08323e-1  8.69071e+19
3.08348e-1  8.00640e+19
3.08367e-1  7.52876e+19
3.11758e-1  1.04511e+20
3.18876e-1  1.00295e+20
3.24290e-1  1.06645e+20
3.31660e-1  1.13392e+20
3.39232e-1  1.08818e+20
3.48909e-1  1.13349e+20
3.48952e-1  1.00229e+20
3.52935e-1  9.23288e+19
3.56889e-1  1.04407e+20
3.56963e-1  8.50517e+19
3.61083e-1  6.92790e+19
3.67288e-1  4.29849e+19
3.69158e-1  1.04381e+20
3.75427e-1  1.10989e+20
3.90486e-1  1.22935e+20
3.92660e-1  1.33437e+20
4.01608e-1  1.33415e+20
4.08453e-1  1.33399e+20
4.17830e-1  1.13199e+20
4.20164e-1  1.20376e+20
4.22643e-1  9.41166e+19
4.22669e-1  8.85019e+19
4.27565e-1  6.91930e+19
4.37354e-1  6.24406e+19
4.37390e-1  5.75240e+19
4.37417e-1  5.40923e+19
4.52454e-1  5.40789e+19
4.67989e-1  5.63286e+19
4.71944e-1  6.89283e+19
4.83897e-1  8.14522e+19
4.92103e-1  8.84030e+19
5.03318e-1  8.83883e+19
5.14809e-1  8.48230e+19
5.26541e-1  8.48090e+19
5.38496e-1  9.20424e+19
5.50779e-1  9.01595e+19
5.60178e-1  8.83188e+19
5.82660e-1  9.58397e+19
5.95938e-1  9.58238e+19
6.09544e-1  9.19586e+19
6.23435e-1  9.19434e+19
6.52126e-1  9.87512e+19
6.66995e-1  9.77278e+19
6.78377e-1  9.57326e+19
7.13598e-1  1.03876e+20
7.29860e-1  1.03859e+20
7.46516e-1  1.00697e+20
7.63536e-1  9.96531e+19
7.80936e-1  9.96366e+19
7.94246e-1  9.96242e+19
8.26122e-1  1.08108e+20
8.44966e-1  1.05896e+20
8.64222e-1  1.05879e+20
8.83935e-1  1.03713e+20
8.99001e-1  1.03700e+20
9.45676e-1  1.12521e+20
9.67227e-1  1.12503e+20
9.89269e-1  1.12484e+20
1.01183e+0  1.10183e+20
1.03491e+0  1.07929e+20
1.05850e+0  1.07911e+20
1.08262e+0  1.07893e+20
1.10729e+0  1.07875e+20
1.13253e+0  1.07857e+20
1.15834e+0  1.07840e+20
1.18473e+0  1.07822e+20
1.21173e+0  1.07804e+20
1.23935e+0  1.07786e+20
1.26759e+0  1.07768e+20
1.29648e+0  1.07750e+20
1.32602e+0  1.07732e+20
1.35624e+0  1.07715e+20
1.38715e+0  1.07697e+20
1.41873e+0  1.09909e+20
1.45103e+0  1.12168e+20
1.48410e+0  1.12149e+20
1.50939e+0  1.12135e+20
1.57023e+0  1.03276e+20
1.60598e+0  1.05397e+20
1.64256e+0  1.06466e+20
1.71841e+0  9.90605e+19
1.77741e+0  1.03181e+20
1.80770e+0  1.03169e+20
1.85949e+0  9.50254e+19
1.90179e+0  9.89867e+19
1.94529e+0  9.11773e+19
1.98958e+0  9.30506e+19
2.02345e+0  9.49664e+19
2.08138e+0  8.92825e+19
2.11681e+0  9.11206e+19
2.15307e+0  8.39353e+19
2.20204e+0  8.74343e+19
2.25241e+0  8.05363e+19
2.29070e+0  8.38971e+19
2.38294e+0  8.05029e+19
2.43739e+0  7.56878e+19
2.47909e+0  7.11637e+19
2.60807e+0  6.96935e+19
2.66762e+0  6.68823e+19
2.71303e+0  6.82593e+19
2.74394e+0  6.41818e+19
2.82244e+0  6.15904e+19
2.88688e+0  5.91060e+19
2.95285e+0  5.55708e+19
3.02024e+0  5.38788e+19
3.07187e+0  5.11802e+19
3.14175e+0  5.33138e+19
3.17754e+0  5.01291e+19
3.23183e+0  4.81090e+19
3.28712e+0  4.52334e+19
3.30548e+0  4.81011e+19
3.38109e+0  4.43062e+19
3.45828e+0  4.25191e+19
3.70076e+0  3.60688e+19
3.79244e+0  3.39109e+19
3.84984e+0  3.39072e+19
3.96007e+0  3.18778e+19
3.96039e+0  2.93677e+19
4.09654e+0  2.93604e+19
4.09688e+0  2.70485e+19
4.28609e+0  2.49105e+19
4.35923e+0  2.44019e+19
4.35959e+0  2.24805e+19
4.56075e+0  2.15701e+19
4.61299e+0  1.90717e+19
4.71851e+0  1.75670e+19
4.90839e+0  1.72055e+19
4.97385e+0  1.55276e+19
5.04913e+0  1.55259e+19
5.07818e+0  1.40125e+19
5.19391e+0  1.40102e+19
5.26317e+0  1.26438e+19
5.37313e+0  1.23853e+19
5.37357e+0  1.14101e+19
5.49603e+0  1.14082e+19
5.52765e+0  1.02962e+19
5.71792e+0  9.88007e+18
5.78366e+0  8.38470e+18
5.94900e+0  8.21283e+18
5.94950e+0  7.56615e+18
6.05077e+0  7.72192e+18
6.26034e+0  6.03619e+18
6.29531e+0  6.41887e+18
6.40300e+0  6.03519e+18
6.51335e+0  5.01760e+18
6.66178e+0  5.01677e+18
6.66261e+0  4.43605e+18
6.77658e+0  4.17089e+18
6.81444e+0  4.43532e+18
6.98413e+0  3.68728e+18
7.14418e+0  3.25992e+18
7.25231e+0  3.25956e+18
7.50287e+0  2.76576e+18
7.54604e+0  2.49617e+18
7.64667e+0  2.25273e+18
7.82190e+0  1.99164e+18
7.98597e+0  1.79730e+18
8.07713e+0  1.65564e+18
8.16966e+0  1.46387e+18
8.21496e+0  1.62184e+18
8.35653e+0  1.34838e+18
8.54767e+0  1.24201e+18
8.54873e+0  1.09824e+18
8.69425e+0  1.12085e+18
8.69533e+0  9.91105e+17
8.89386e+0  9.51127e+17
8.99537e+0  8.76162e+17
9.04703e+0  7.98906e+17
9.09899e+0  7.28463e+17
9.20266e+0  6.84948e+17
9.36008e+0  6.44006e+17
9.41393e+0  5.81232e+17
9.57497e+0  5.46490e+17
9.68446e+0  4.93200e+17
9.74018e+0  4.45126e+17
9.84993e+0  4.73326e+17
9.90701e+0  4.10025e+17
